episode,mean_reward,deck_A_freq,deck_B_freq,deck_C_freq,deck_D_freq
0,-4.0,0.23230230364422474,0.2976786136655919,0.3160730257203476,0.15394605696983568
1,-36.5,0.2600582883975774,0.33167658330639965,0.16508701022818079,0.24317811806784215
2,-22.0,0.27728960223186216,0.32987630048266237,0.22792793369219805,0.1649061635932774
3,-30.5,0.2299404057393324,0.3131997537284472,0.2627576148460665,0.19410222568615385
4,-48.5,0.2727057529428497,0.3322509115987795,0.2377184063183399,0.15732492914003082
5,-35.0,0.267566782012822,0.38746920345286096,0.2527980459220608,0.09216596861225625
6,-74.0,0.11944048070644184,0.3850236416652986,0.334450790639858,0.16108508698840146
7,-60.0,0.173647377976678,0.3957539169084964,0.26732676267331185,0.1632719424415138
8,-64.5,0.21530360660829945,0.2111389117047723,0.3484670333097959,0.2250904483771324
9,-33.0,0.16138035755347357,0.3439715057482725,0.26155983746270645,0.23308829923554744
10,-39.0,0.31379116798645385,0.22919722665330802,0.31093790557458295,0.14607369978565518
11,-29.5,0.26114255995413216,0.28339582476787434,0.20200527732281706,0.25345633795517636
12,-44.0,0.3110831552455581,0.25861812613502927,0.25195955909821893,0.17833915952119367
13,-23.0,0.27830112658177686,0.26231105150994977,0.19317206601116557,0.2662157558971079
14,-28.0,0.2653611706424402,0.31044079620616283,0.2629790687356889,0.16121896441570813
15,-28.0,0.23244306413612456,0.24151453155662084,0.296282016186503,0.22976038812075147
16,-17.5,0.21439110796570615,0.3304786911920753,0.3068278606260174,0.14830234021620117
17,-30.5,0.28103425975478075,0.2490280138365717,0.29555695568097484,0.17438077072767277
18,16.5,0.16877739405362902,0.35155195671744055,0.2744936035978035,0.205177045631127
19,-4.5,0.28143752907304054,0.29770179655315165,0.2329016858643741,0.18795898850943368
20,-7.5,0.28892660075603993,0.25219135542136994,0.20921321337830862,0.24966883044428154
21,-21.5,0.21312031987602367,0.3350870594212891,0.3049260286550747,0.14686659204761257
22,-31.0,0.22411479187983496,0.2828972589137565,0.25622329053393267,0.2367646586724759
23,-71.5,0.31492585202545254,0.3055867227298374,0.21340398853538212,0.16608343670932801
24,-116.0,0.25372136924492145,0.34292470416784787,0.24290646938757815,0.16044745719965253
25,-97.5,0.24704286991764265,0.25327264728005394,0.24936038436925195,0.2503240984330515
26,-71.0,0.2517768106678685,0.2436858866303287,0.2522978470157553,0.25223945568604766
27,-53.0,0.24066866547343857,0.24601773692044318,0.256979823363653,0.25633377424246534
28,-41.5,0.24613665055603273,0.25010360478142,0.25211188878579904,0.2516478558767482
29,-51.0,0.2437618663620175,0.2514383350876028,0.25438197264781137,0.2504178259025684
30,-71.0,0.24441107976647997,0.24511892620108877,0.25624291145178946,0.2542270825806418
31,-76.0,0.24204748798019052,0.24603220190790762,0.25825700455287837,0.2536633055590235
32,-108.5,0.24067159018937329,0.2451400379901054,0.2586472670389206,0.25554110478160075
33,-103.0,0.23683768050763473,0.24512535009329528,0.26026078843587064,0.2577761809631993
34,-74.5,0.23261897915703936,0.25003947687419603,0.26352453187304836,0.25381701209571617
35,-106.0,0.23571373924549732,0.24764385606015196,0.26168740424009235,0.2549550004542584
36,-112.0,0.2375338991126463,0.24159271744379315,0.26523441097728934,0.2556389724662713
37,-105.5,0.2259063812428743,0.2482370540948544,0.2648214269290052,0.2610351377332662
38,-116.0,0.23582414830742668,0.24003989437476486,0.2697980972655294,0.25433786005227904
39,-107.0,0.22595906795593096,0.24757313069595308,0.27138599894821486,0.255081802399901
40,-109.5,0.23158481417328747,0.24180952267701908,0.2606639935591392,0.2659416695905541
41,-114.0,0.2230963510648539,0.2417030719156793,0.2756520191439138,0.259548557875553
42,-107.0,0.22961458672016033,0.2411979901344586,0.26755060125577174,0.26163682188960924
43,-91.5,0.22995069439029184,0.23614636452869217,0.2711513338410071,0.26275160724000896
44,-79.5,0.22414609410934405,0.23640528811362146,0.27315387431164656,0.2662947434653879
45,-62.0,0.2229282324217974,0.23744701257453468,0.2776759240088316,0.2619488309948362
46,-48.0,0.22275811924829386,0.23699917662710632,0.27669009622766744,0.2635526078969325
47,-50.5,0.2207418860641506,0.23537983994257594,0.27914275782424636,0.2647355161690272
48,-78.5,0.21961178013775395,0.23410390407981516,0.2813401224749807,0.2649441933074502
49,-59.5,0.21905346356857683,0.23305481645641005,0.28270834043929916,0.26518337953571397
50,-47.5,0.2143777423478623,0.23707179431638759,0.28380621348799,0.26474424984776007
51,-32.0,0.2189424900910117,0.22849347551810414,0.2879606270789076,0.26460340731197657
52,-34.5,0.2121305425175877,0.23302090076716178,0.2847859665401329,0.2700625901751176
53,-16.0,0.21275975637855918,0.23035702558889443,0.28935642444228726,0.267526793590259
54,0.5,0.2068045106057087,0.22915357869481337,0.2898465513031143,0.27419535939636364
55,22.0,0.21180806841992778,0.2295455159874918,0.29316573183138556,0.2654806837611948
56,30.0,0.2059927247636809,0.2379640194516368,0.2926331823462716,0.2634100734384106
57,41.0,0.2107030839480132,0.21963244283592995,0.2958160200981799,0.273848453117877
58,9.0,0.20349288583137332,0.2296561863468495,0.2960359753061421,0.2708149525156351
59,-5.0,0.20069986702803808,0.2263654535961816,0.2983239560392171,0.27461072333656333
60,4.0,0.20271886063157313,0.22603469283870575,0.2995094639898037,0.2717369825399174
61,9.5,0.20267461066482825,0.2252859098439895,0.29850199448893455,0.2735374850022477
62,10.0,0.200678187788377,0.22581497786468582,0.2989532050088592,0.27455362933807803
63,19.5,0.19934819361572859,0.22464377390393733,0.300535060444957,0.27547297203537724
64,38.0,0.19763140957748676,0.22506617657487946,0.3019067711819289,0.2753956426657048
65,60.0,0.19424224947545132,0.2229953481611622,0.30726325258006254,0.27549914978332385
66,62.0,0.19663171510657126,0.2193412362872073,0.30907617286527045,0.274950875740951
67,60.5,0.19643215563673394,0.2203321252131383,0.3022729194366376,0.2809627997134901
68,92.0,0.1911840844669113,0.21769329680058866,0.3066137996759284,0.28450881905657166
69,116.0,0.18950844752461443,0.2203871337068421,0.30914642592899827,0.28095799283954526
70,126.5,0.19004089385227269,0.22404736917123313,0.3076722017534373,0.27823953522305683
71,130.5,0.18981435884222675,0.21336491252524595,0.30363194544875177,0.29318878318377545
72,154.0,0.18731004786642735,0.21660622571713914,0.3212402397812318,0.27484348663520175
73,178.0,0.1861435523296116,0.21837754072236337,0.30861769287097185,0.2868612140770531
74,161.0,0.18315013654765042,0.2197174002305294,0.3142873063950095,0.2828451568268107
75,188.5,0.180310778067076,0.2173417130415229,0.31667942490592105,0.2856680839854801
76,213.5,0.18316451506759807,0.21630000159519538,0.3197126067356815,0.28082287660152483
77,209.5,0.1810355368808671,0.21713047606705296,0.31806748809819635,0.2837664989538837
78,224.5,0.17890717714507626,0.21496163004407798,0.32033019561177933,0.2858009971990663
79,211.5,0.17862815426105114,0.2141401557123125,0.32138329059309784,0.28584839943353857
80,224.5,0.17681772960450995,0.21291191048855124,0.323650588927019,0.28661977097991986
81,184.5,0.17461016101164034,0.21398457023495784,0.3235575236304921,0.28784774512290956
82,214.5,0.17526031836459494,0.2105703221732724,0.3258989383829747,0.2882704210791579
83,205.0,0.17520678672704162,0.20921574896652073,0.32670817176093053,0.2888692925455071
84,184.5,0.17917822590409674,0.21075629518705252,0.3256898516862942,0.2843756272225566
85,189.5,0.17157613819622783,0.21615716804068683,0.3198872218125892,0.2923794719504961
86,212.5,0.16022759386607494,0.20765498293495194,0.33649170340033535,0.2956257197986377
87,222.0,0.1609177487920434,0.2067078624300018,0.34320672558540355,0.28916766319255116
88,264.0,0.1643896412968046,0.21517355849781314,0.32824579726430214,0.29219100294107997
89,270.5,0.16036700361330686,0.20488740679271075,0.3400606481121559,0.29468494148182656
90,287.0,0.15896323396689,0.21468983421568563,0.33779079111167026,0.2885561407057542
91,296.5,0.15869057043420565,0.20446391305476339,0.34268890032646093,0.29415661618457
92,309.5,0.15966563254785424,0.20850256545688609,0.3378185728004626,0.294013229194797
93,319.0,0.1595124318184265,0.20516487892297477,0.34158299815171705,0.29373969110688175
94,327.5,0.15824773836876818,0.20383998055145391,0.3418511381625435,0.29606114291723445
95,361.5,0.15575952806145976,0.2032298230257477,0.34457787220763364,0.2964327767051589
96,350.0,0.15373597503446565,0.20261699837962685,0.3452241826547856,0.2984228439311219
97,345.5,0.1548343035232574,0.20157124696836828,0.3477869668674692,0.2958074826409052
98,355.0,0.1536071483316771,0.20176814075421312,0.34720620519464535,0.2974185057194645
99,349.5,0.15433759603214303,0.20239097029417943,0.3421869394447142,0.3010844942289633
